INFO: 2022-12-18 15:48:26,999: Data
INFO: 2022-12-18 15:48:27,023: Data shape (110527, 14)
INFO: 2022-12-18 15:48:27,202: Percentage of women: 0.653882342398853
INFO: 2022-12-18 15:48:27,219: Percentage of men: 0.346117657601147
ERROR: 2022-12-18 15:49:24,235: Data shape is incorrect!
