INFO: 2022-12-22 19:56:13,575: Data
INFO: 2022-12-22 19:56:13,576: Data shape (110527, 14)
INFO: 2022-12-22 19:56:13,590: Percentage of women: 0.653882342398853
INFO: 2022-12-22 19:56:13,605: Percentage of men: 0.346117657601147
